[[[1,2]],10,[[[1,2],[3,4]],[[1,2],[3,5]],[[1,2],[8]]]]
[[[1,3]],50,[[[1,3],[3,4]],[[1,3],[3,5]],[[1,3],[8]]]]
[[[7]],0,[[[7],[3,4]],[[7],[3,5]],[[7],[8]]]]
[[[1,2],[3,4]],20,[[[1,2],[3,4],[5,6]]]]
[[[1,2],[3,5]],30,[[[1,2],[3,5],[5,6]]]]
[[[1,2],[8]],0,[[[1,2],[8],[5,6]]]]
[[[1,3],[3,4]],20,[[[1,3],[3,4],[5,6]]]]
[[[1,3],[3,5]],30,[[[1,3],[3,5],[5,6]]]]
[[[1,3],[8]],0,[[[1,3],[8],[5,6]]]]
[[[7],[3,4]],20,[[[7],[3,4],[5,6]]]]
[[[7],[3,5]],30,[[[7],[3,5],[5,6]]]]
[[[7],[8]],0,[[[7],[8],[5,6]]]]
[[[1,2],[3,4],[5,6]],40,[]]
[[[1,2],[3,5],[5,6]],40,[]]
[[[1,2],[8],[5,6]],40,[]]
[[[1,3],[3,4],[5,6]],40,[]]
[[[1,3],[3,5],[5,6]],40,[]]
[[[1,3],[8],[5,6]],40,[]]
[[[7],[3,4],[5,6]],40,[]]
[[[7],[3,5],[5,6]],40,[]]
[[[7],[8],[5,6]],40,[]]